00002001
00002000
00002000
00002000
00002000
00002000
00002000
00002000
00002000
00002000
00002000
00002000
00002000
00002000
00002000
00002000
00002000
00002000
00002000
00002000
00002000
00002000
00002000
00002000
00002000
00002000
00002000
00002000
00002000
00002000
00002000
00002000
00002000
00002000
00002000
00002000
00002000
00002000
00002000
00002000
00002000
00002000
00002000
00002000
00002000
00002000
00002000
00002000
00002000
00002000
00002000
00002000
00002000
00002000
00002000
00002000
00002000
00002000
00002000
00002000
00002000
00002000
00002000
00002000
